ENSG00000099337 1.6381753492235 0.451506950807907 3.62823949064842 0.000285360493616587
ENSG00000198270 0.674943573174209 0.210797891890945 3.20185162726099 0.0013654731003449
ENSG00000174851 2.82659944837978 0.916568952301541 3.08389176971583 0.00204311907956535
ENSG00000027869 2.00928220388708 0.678220537818383 2.96257941458142 0.00305073101820446
ENSG00000257727 0.67222996844329 0.227707662489508 2.95216226407956 0.00315557059522296
ENSG00000117266 1.11185759912434 0.379303606252157 2.93131301890441 0.00337532489773964
ENSG00000175467 1.95643241827377 0.668456046522255 2.92679291099602 0.00342476839806151
ENSG00000112977 1.18667402453495 0.421836321129018 2.81311486255829 0.00490641216821936
ENSG00000132394 2.29239177223669 0.86618621165636 2.64653459197079 0.00813211874665629
ENSG00000166946 -0.767697613140551 0.290630062521876 -2.64149416092414 0.00825412299421779
ENSG00000172732 2.06082720488707 0.788684117380106 2.61299442891386 0.00897527652572587
ENSG00000186522 0.669007911310249 0.258757269342485 2.58546518523028 0.00972476933492398
ENSG00000188312 0.508978783987845 0.198565929647082 2.56327349254966 0.0103690333871577
ENSG00000259915 -0.632156005972119 0.253661109277854 -2.49212820905735 0.012698019250508
ENSG00000104299 -0.593011443714175 0.238111006412823 -2.49048312653824 0.0127569553085845
ENSG00000259108 0.890459475416299 0.358053820131067 2.48694309444972 0.0128846006894064
ENSG00000099814 0.900017458271475 0.371497305244899 2.42267560373867 0.0154066775626042
ENSG00000125848 -1.15231725444046 0.478890518631814 -2.40622273694751 0.0161184339744763
ENSG00000258884 0.72671383386837 0.303960332176295 2.39081800136631 0.0168108838873974
ENSG00000162300 1.10279124248642 0.473817881354022 2.32745805062273 0.0199408991952876
ENSG00000162650 0.579012526308413 0.250699705429599 2.30958598581605 0.0209110862101775
ENSG00000163682 -0.540194567552539 0.236152403521503 -2.28748282675577 0.0221676566895943
ENSG00000185924 -0.912849649816199 0.399278687112805 -2.28624687287228 0.0222398200051625
ENSG00000138430 1.44898412600192 0.636615799077774 2.27607314820175 0.0228416319078839
ENSG00000231742 0.653503734418519 0.291401258338331 2.24262495688941 0.0249210094980941
ENSG00000215012 0.943070539856571 0.424149169164344 2.22344073363294 0.0261860955793091
ENSG00000170144 -1.89114427293654 0.855732080060859 -2.20997239323089 0.0271070783129075
ENSG00000143036 0.836095407879712 0.38458361670321 2.17402762771598 0.0297030604105187
ENSG00000224914 0.701112743878085 0.324324426255733 2.16176361420663 0.0306364014309317
ENSG00000125991 3.60062659826969 1.66631448042877 2.16083256825757 0.0307082752947284
ENSG00000145949 1.04309376088343 0.488452097554632 2.13550881674076 0.0327194707826104
ENSG00000167799 0.474303784204704 0.224495314241453 2.11275583103963 0.0346216719235342
ENSG00000261603 0.771879010872302 0.367468177437106 2.10053293935748 0.0356819861733698
ENSG00000157240 2.20251077987097 1.04969584188572 2.09823711973012 0.0358842040754941
ENSG00000131375 -1.18889148635521 0.575317431527101 -2.06649654817422 0.0387816180034315
ENSG00000100985 1.40840365534297 0.683806750712893 2.05965158120282 0.0394318613151936
ENSG00000123411 -2.58878977535225 1.25819546506251 -2.05754181066265 0.0396341374041907
ENSG00000171017 0.762901639407313 0.370962798885147 2.05654486568481 0.0397300263506687
ENSG00000258818 -1.7246228674945 0.841907107862883 -2.04847167981789 0.0405138042823096
ENSG00000166171 1.40794963825306 0.687375653024813 2.04829721864215 0.040530885362917
ENSG00000196233 0.53206447906198 0.260471198140825 2.04269985648977 0.0410821590479444
ENSG00000178053 0.594452670248315 0.2921716979791 2.03460045706015 0.0418910913532557
ENSG00000167792 0.804046457196519 0.395719950709195 2.03185726611847 0.0421681078133807
ENSG00000170955 1.87859052447764 0.934921526793987 2.00935636910583 0.0444993538368136
ENSG00000176402 0.968981035682637 0.485147629805691 1.99729108451118 0.0457935712965144
ENSG00000140471 1.20157525660735 0.604042409954161 1.98922333400156 0.0466765574633515
ENSG00000168159 -0.978068581318985 0.49833697079302 -1.96266510141231 0.049685100743393
ENSG00000117906 0.620791114261896 0.317263834397471 1.95670305580485 0.0503823904233248
ENSG00000164944 1.27761822582757 0.656099145724689 1.94729445107932 0.0514994435858577
ENSG00000175283 0.421594573499658 0.218811757015216 1.92674552432912 0.0540113514317621
ENSG00000136273 -0.959840209430789 0.504696188468109 -1.90181782894808 0.0571949746064929
ENSG00000065621 0.969625516644702 0.515646734757775 1.88040658707978 0.0600526865096757
ENSG00000137274 0.849824804090303 0.453937854473164 1.87211706562036 0.0611904094970311
ENSG00000146242 0.373819506585177 0.203475424509594 1.83717275678937 0.0661843961066348
ENSG00000110218 -1.54361531041273 0.84540842544971 -1.82588115275952 0.0678681657343263
ENSG00000174165 0.535126031769771 0.293246850670722 1.8248313001344 0.0680264909356536
ENSG00000137221 -1.11369063822369 0.611580605983252 -1.82100385023358 0.0686062715961901
ENSG00000213203 1.55230334740015 0.853583839543062 1.81857162177664 0.0689768105922237
ENSG00000112494 -0.769683092752516 0.423388397620124 -1.81791257644027 0.0690774957956191
ENSG00000119042 0.989327065490601 0.545359375131373 1.81408280595209 0.0696649782613714
ENSG00000140107 -0.357394003728849 0.199098848452934 -1.79505811563413 0.0726444410970158
ENSG00000167543 0.460198057248168 0.256735149600201 1.79250117471179 0.0730527211790632
ENSG00000142409 0.907222060236945 0.526255537875085 1.72391926534422 0.0847224188979235
ENSG00000237767 -0.37207460387736 0.215881067103224 -1.72351660509188 0.0847951449783546
ENSG00000136378 -0.71298850816894 0.418149375114751 -1.70510480369193 0.0881748798850253
ENSG00000168765 3.59201337072819 2.10719007162581 1.70464611574254 0.08826044508238
ENSG00000166166 0.66971038681218 0.393597632273992 1.70151020203795 0.0888472237441265
ENSG00000160223 0.929687268834442 0.546978620596223 1.69967752637398 0.0891915988392398
ENSG00000175899 -0.213977000138063 0.126873637075342 -1.68653634490667 0.0916925408202846
ENSG00000103168 1.11126403350017 0.661686923132877 1.67944082714932 0.0930661620471716
ENSG00000143570 0.380619349208371 0.226723219567961 1.67878415776589 0.0931941172172923
ENSG00000073756 -0.501952793719865 0.299829451710344 -1.67412771112555 0.0941055026959354
ENSG00000091106 -0.48032450823983 0.287102558956472 -1.67300671225523 0.0943259746624789
ENSG00000170296 0.327408585306698 0.1971607215474 1.66061770689952 0.0967902504426829
ENSG00000060339 -0.460118600750538 0.277663508145683 -1.65710864860616 0.0974975109119626
ENSG00000122033 -0.368008321663692 0.222183633643618 -1.65632506602163 0.0976560069791338
ENSG00000167074 -0.433930823318197 0.261991361480475 -1.6562791264037 0.0976653056196747
ENSG00000160551 -0.268344144540828 0.162336223564771 -1.65301458077691 0.0983278961388137
ENSG00000258484 -1.46074846745716 0.890140671660619 -1.64103103471504 0.100790973130447
ENSG00000149089 0.835528978434869 0.516962543164277 1.61622730598755 0.106045177092816
ENSG00000196419 0.454906972056253 0.281507996520803 1.61596465350367 0.106101955570984
ENSG00000171574 1.06694402639533 0.660544181090549 1.61525005736001 0.106256554261696
ENSG00000259687 0.636871084561298 0.39555840400913 1.61005575436238 0.107385685133777
ENSG00000274367 -0.478686153581492 0.29894127501905 -1.60127153251416 0.109316791322926
ENSG00000186395 -0.420513603714469 0.263945439000497 -1.59318382354649 0.111118959071379
ENSG00000143028 0.442374456281539 0.278950251922433 1.58585429922662 0.112772364835421
ENSG00000186575 -0.70083233899258 0.442726338354763 -1.58299219693361 0.113423242919364
ENSG00000185875 0.58131650956316 0.367700212887866 1.58095233341744 0.113888937011886
ENSG00000224050 1.07483480662097 0.682659387888413 1.5744818363161 0.115376097490268
ENSG00000135766 0.92192641513947 0.587317588600846 1.56972383091022 0.116479374580399
ENSG00000131477 1.28535893777046 0.826588192379529 1.5550172983602 0.119941949569208
ENSG00000101161 0.66517236703303 0.431018141586352 1.54325839878776 0.122768093007162
ENSG00000267673 -0.700680508222075 0.454097671459265 -1.54301717947684 0.122826607710168
ENSG00000131471 -0.507732412728617 0.329454845866697 -1.54112898656241 0.123285396373752
ENSG00000160685 0.355667151103212 0.230905488923089 1.54031483946958 0.123483628308362
ENSG00000166851 1.13785749015079 0.740352199293208 1.53691377055011 0.124314426874277
ENSG00000055732 -0.778934496834125 0.506893560432257 -1.53668256540857 0.124371062585177
ENSG00000198468 0.430723260384026 0.281096327870331 1.53229771319787 0.125448985174822
ENSG00000081791 -0.439927591975049 0.287113881295799 -1.53224076101641 0.125463033400956
ENSG00000024422 0.332535779137044 0.2173327259144 1.53007687976093 0.125997700339784
ENSG00000180694 -0.482473895844251 0.315406962775387 -1.52968688959425 0.126094250328355
ENSG00000165219 0.885804613360753 0.582034594840664 1.5219105895299 0.128031485430954
ENSG00000116580 0.525530784242226 0.345657304475328 1.5203809595169 0.128415257077537
ENSG00000124701 0.95855896724934 0.630669974760298 1.51990582334868 0.128534646681398
ENSG00000138207 -0.366899699731443 0.241448638988654 -1.51957659098126 0.128617424966545
ENSG00000071894 1.15760894343815 0.764646221084946 1.51391442410536 0.130047545280722
ENSG00000112759 -0.387338341896034 0.258948004264296 -1.49581512704263 0.134701838250238
ENSG00000256427 -0.346460513494607 0.231986347123804 -1.49345216988012 0.135318865514563
ENSG00000226479 1.53563509175334 1.02883654880136 1.49259383673959 0.135543537644839
ENSG00000180745 -0.280122990739493 0.188462588502171 -1.48635860817685 0.137184292066266
ENSG00000137575 0.277376972675532 0.187365138061077 1.48040865844057 0.138764220716799
ENSG00000122390 0.855109644088961 0.578288013365668 1.47869162826353 0.139222750806652
ENSG00000100336 -0.314499474193689 0.213224617372279 -1.47496793789335 0.14022116350488
ENSG00000246705 0.695429285177077 0.472353214724847 1.47226538001266 0.140949228222344
ENSG00000265692 0.351704459919513 0.239255576580496 1.46999482706387 0.141563155006665
ENSG00000128253 0.72901699888312 0.49608990625371 1.4695259663483 0.141690184156799
ENSG00000104679 1.04922843613995 0.716424163582243 1.46453524249326 0.143047761038929
ENSG00000256299 -0.567862074729105 0.389148246408045 -1.45924356584064 0.144498081880916
ENSG00000143801 -0.802219204638113 0.553911209647554 -1.44828122389607 0.147538416592492
ENSG00000138079 -0.416262732174507 0.288247617248985 -1.44411508461818 0.148706605562079
ENSG00000155542 0.507601242138604 0.35201988170403 1.44196753797384 0.149311531549807
ENSG00000162415 -1.35926232597483 0.943247989816714 -1.44104449799988 0.149572111943856
ENSG00000131095 -0.737127568362835 0.512217006976168 -1.4390923345447 0.150124363575504
ENSG00000272512 0.546484852479084 0.382119940709955 1.43013958251891 0.152676961618258
ENSG00000187624 0.412176557734203 0.288982955189895 1.42630058393359 0.153781596139587
ENSG00000152102 1.39038640742855 0.975079709853688 1.42592076665935 0.153891214305075
ENSG00000135829 -0.459065807130319 0.322198081081363 -1.42479373430655 0.154216834050941
ENSG00000168802 -0.277539897395533 0.194969578985934 -1.42350359906945 0.154590219526697
ENSG00000176125 1.19750291408515 0.851259143977893 1.40674308470777 0.159503584953751
ENSG00000271646 1.2003038416783 0.85517532098575 1.40357633367474 0.160445046572257
ENSG00000185000 0.762040886208518 0.543743050009046 1.4014724164214 0.161072850411161
ENSG00000175334 0.482610340786229 0.345678117631944 1.39612638512479 0.162676439626786
ENSG00000197766 0.513491219493597 0.367915196407878 1.39567820113723 0.162811421552239
ENSG00000175305 -0.524438815431581 0.376783134853766 -1.39188505779358 0.163957207307477
ENSG00000088451 0.479395116720298 0.345393680517319 1.38796724943628 0.165147018094551
ENSG00000126088 -0.502105925581535 0.362620994659449 -1.38465762594105 0.16615718181372
ENSG00000068615 0.570873505810758 0.413564007303331 1.38037521575722 0.167471147091572
ENSG00000177459 1.01071944555313 0.736035538369726 1.37319381043994 0.169692103381853
ENSG00000143401 -0.841614565417948 0.612901001412641 -1.37316559032888 0.169700874219237
ENSG00000112599 -0.743450130017004 0.541521935992554 -1.37289014646163 0.169786500285193
ENSG00000122756 0.449486968671371 0.328830350752364 1.36692664665212 0.171648298800017
ENSG00000138175 0.365659924272157 0.268446999482529 1.36213079295734 0.173156611925348
ENSG00000162576 0.860966815939662 0.632593320849524 1.3610115497006 0.173510039554195
ENSG00000223496 -0.431925524613957 0.319467943336985 -1.352015229141 0.176370443514288
ENSG00000100376 0.418665929351929 0.310439830984612 1.34862181835385 0.177458468956016
ENSG00000143436 0.418567469999983 0.311071728532904 1.34556577022945 0.17844259700212
ENSG00000012048 -2.03720820766081 1.51577843485286 -1.3440013136607 0.178947962105332
ENSG00000176261 -0.551562918650407 0.412365694784041 -1.33755772031246 0.18104065463511
ENSG00000198901 -0.380512011684682 0.285141658331132 -1.33446657325251 0.182050994698416
ENSG00000142197 -0.419771057046495 0.317220072233321 -1.32328025175452 0.185742196529584
ENSG00000172167 0.698774251479216 0.528210902940279 1.32290766356677 0.185866086470316
ENSG00000173559 0.383776996392961 0.290307198105952 1.32196858671377 0.186178611543107
ENSG00000124275 -0.524446943271667 0.396934100935729 -1.32124436281826 0.186419898620993
ENSG00000261600 -3.30647482252569 2.5166748203263 -1.31382679868708 0.188904497054225
ENSG00000107959 0.773941386889603 0.590195441004619 1.31133067644883 0.189746068628675
ENSG00000180035 1.2128443066462 0.925967671280687 1.30981279828996 0.190259172481754
ENSG00000100216 0.284491177477053 0.217617758023461 1.30729762157729 0.191111651681678
ENSG00000267216 0.524534923494508 0.403578782074969 1.29970887170443 0.193700768546227
ENSG00000128654 -0.447462289339889 0.345023967930352 -1.2969020442957 0.194664893040512
ENSG00000058729 0.198486232736177 0.153971219983027 1.28911255465831 0.197358959508628
ENSG00000188659 -0.268806333101606 0.208595433156391 -1.28864917622657 0.197520078920391
ENSG00000111452 0.351556607719602 0.273074482821999 1.28740189887592 0.197954242829101
ENSG00000116729 0.26019023430632 0.203205779021335 1.28042733607001 0.200394885110488
ENSG00000116791 0.295701108916238 0.231211897202409 1.27891822390685 0.200925854451519
ENSG00000116809 0.822795745052069 0.646820623758421 1.27206170432712 0.203351196375686
ENSG00000166595 -0.444728283137211 0.350701059032713 -1.268112176119 0.20475789387599
ENSG00000085433 0.352867221435771 0.278682148236576 1.26619958855857 0.205441634794991
ENSG00000185989 -0.465924217221973 0.368665572220631 -1.26381265930396 0.206297276338772
ENSG00000169894 0.803518023139614 0.638559529738874 1.25832907617587 0.20827276988309
ENSG00000115128 0.671608839498421 0.533975500719788 1.25775216015174 0.208481401953954
ENSG00000105875 0.446238482486612 0.357509509265672 1.24818633049283 0.211962828697802
ENSG00000168916 -0.310917508948527 0.249789858477507 -1.2447163021093 0.213236051412351
ENSG00000165097 0.557485478331073 0.447945077475316 1.24453980267658 0.213300959797472
ENSG00000166337 -0.473298173033402 0.381403910859992 -1.24093686393044 0.214629073265382
ENSG00000283189 0.344558662843959 0.281789920403796 1.22275013368192 0.221424085148266
ENSG00000258289 0.278149444451328 0.227696819037868 1.22157808627563 0.221867219737966
ENSG00000100065 0.277232016122762 0.227230584876089 1.22004710005891 0.222447020420835
ENSG00000278845 -0.508323206294125 0.416887839393027 -1.21932845782747 0.222719551636597
ENSG00000124783 -0.758560486902476 0.623386996599126 -1.21683719910872 0.223666163599558
ENSG00000123358 -0.366233565974707 0.301202615008159 -1.21590433723421 0.224021365686793
ENSG00000142794 -0.374340392023939 0.309175174230309 -1.21077118483351 0.22598311165751
ENSG00000251615 0.333993120971099 0.276130859241417 1.20954652402357 0.226452948572308
ENSG00000198851 0.437794294659234 0.364605194444685 1.20073520983709 0.229853931393271
ENSG00000167723 -0.304563339729917 0.254850139375966 -1.19506836635711 0.232060320166239
ENSG00000153113 0.743039812633675 0.622295503567559 1.19403050218731 0.232466036686031
ENSG00000060138 0.230023939114806 0.193478616597082 1.18888558932499 0.234484691600063
ENSG00000124074 0.527492058312852 0.445078040458739 1.18516756694886 0.235951200593431
ENSG00000187860 -0.393748741459934 0.333660060602743 -1.18008952209816 0.237964611503596
ENSG00000020256 0.61367592515595 0.520318856171721 1.17942280560637 0.238229858447882
ENSG00000137100 0.909378956624335 0.771126288767279 1.17928667440202 0.238284042629016
ENSG00000275993 0.634489154048481 0.538099686827965 1.1791293873236 0.238346658296012
ENSG00000183908 0.453411328931034 0.385441857595509 1.17634169718758 0.239458359672714
ENSG00000171914 -0.564601171263787 0.481079945957721 -1.17361194539048 0.240550494336804
ENSG00000272823 0.379677883848846 0.323748297380246 1.17275638797541 0.240893511786052
ENSG00000230939 0.552300717432758 0.473277366786469 1.16697048325563 0.243222289797797
ENSG00000174227 1.21975565517163 1.05339301125466 1.15793027117089 0.246892493035509
ENSG00000240344 -0.277159562419283 0.240349822199924 -1.15315068628901 0.248848540359192
ENSG00000139180 3.75752807344342 3.26796027401847 1.14980836925014 0.250222807414485
ENSG00000253304 -0.634067869696499 0.553402871915969 -1.14576179827411 0.251893725813116
ENSG00000137507 -0.779446472481435 0.68239507734309 -1.14222171050268 0.253361873842454
ENSG00000186687 -0.293724875651327 0.257463173802934 -1.14084228556954 0.253935560294514
ENSG00000139719 -0.427178835569647 0.375497936954925 -1.13763297618577 0.255273770902154
ENSG00000100380 -0.20310515583149 0.178701468126733 -1.13656120434025 0.255721765983557
ENSG00000277117 -0.214707348241925 0.189114039146389 -1.13533267657471 0.256235955924819
ENSG00000025434 0.985675633811913 0.869267550115227 1.1339151377286 0.256830146680884
ENSG00000223387 -0.539932894790786 0.480194094610263 -1.12440552862069 0.260841027717227
ENSG00000231925 0.25283426741786 0.22523225006956 1.12254913468109 0.261629028568695
ENSG00000168461 -0.638185620834242 0.56900811715566 -1.1215756007566 0.262042930618527
ENSG00000163359 0.313403214760325 0.282556751187586 1.10916909060955 0.267357244032327
ENSG00000196693 -0.469228006802525 0.427170471251033 -1.09845609278263 0.272005380257119
ENSG00000184378 0.314175161393065 0.286147118660385 1.09794976396721 0.272226426097976
ENSG00000139624 -0.548716736381976 0.5004609329517 -1.09642271804447 0.272893826535595
ENSG00000135541 -0.357302471166426 0.326796033775637 -1.09335008457212 0.274240120508408
ENSG00000105497 -0.497605249492597 0.456034678694854 -1.09115660001278 0.275203981115284
ENSG00000214029 -0.324370028380573 0.298187663822871 -1.08780498905298 0.276681206588063
ENSG00000151651 -0.722061062726219 0.66595449809074 -1.08424984709366 0.278254035669097
ENSG00000154914 0.345934800543028 0.319601832359262 1.08239304508795 0.279077917350994
ENSG00000134758 -0.484251364224672 0.449380182590046 -1.07759839660406 0.281213018079024
ENSG00000134884 -0.534019820682182 0.497947387152777 -1.07244225888133 0.283521435667452
ENSG00000206560 0.310304216000969 0.294388743746898 1.0540627744509 0.291854177828139
ENSG00000167733 -0.34787145886025 0.330096672181734 -1.05384721560819 0.291952872603063
ENSG00000162688 -0.774279632169021 0.73911923787023 -1.04757066586456 0.29483645844765
ENSG00000122176 -0.402390708684094 0.384450417011902 -1.04666477360496 0.295254216010619
ENSG00000226913 -0.382399941294907 0.367663381252287 -1.04008166381005 0.29830196175617
ENSG00000116962 -0.717646678382487 0.690948293522764 -1.03864020666959 0.298972099220169
ENSG00000121570 -0.538673239913504 0.519902511845604 -1.03610432271478 0.300153475781986
ENSG00000147459 -0.846547364367434 0.818092397950519 -1.03478209367084 0.300770687184528
ENSG00000131620 -0.720057319852611 0.69826467392379 -1.03120972138883 0.302442482838065
ENSG00000144369 0.469989182963576 0.458720640739987 1.02456515190904 0.305568414472095
ENSG00000204616 -1.76475270891855 1.72294629395086 -1.02426449107234 0.305710365003338
ENSG00000081237 0.952084285725764 0.930223936927552 1.0235000927523 0.306071456070198
ENSG00000115419 0.25388930245236 0.248982546754556 1.01970722752162 0.307867332896598
ENSG00000224397 -0.493507969932709 0.486058546656419 -1.01532618514279 0.30995036637404
ENSG00000164181 -0.194664635404375 0.19210063794368 -1.01334715744904 0.310894370134821
ENSG00000131469 0.4759904808144 0.46982543007463 1.01312200307844 0.311001889690957
ENSG00000225339 -0.442872041864144 0.437223842989603 -1.01291832310864 0.311099175556176
ENSG00000139438 0.498449630226797 0.492345316465927 1.01239843978752 0.311347584052288
ENSG00000253641 0.319834510868402 0.316630443431824 1.01011926522873 0.312438153251075
ENSG00000092871 0.396360510482009 0.393815763594087 1.00646177000305 0.314193492813804
ENSG00000179292 0.701376631366563 0.702583240180154 0.99828261087856 0.318142337317155
ENSG00000214078 -0.251237202509316 0.251953308483108 -0.997157783011053 0.318687929155674
ENSG00000147548 1.17887577128829 1.18226983697212 0.997129195402191 0.318701803403476
ENSG00000189233 0.455071609365315 0.458177948153852 0.99322023506139 0.320602639281924
ENSG00000106615 -221.06901372456 222.631948004032 -0.9929797394602 0.320719828122312
ENSG00000113657 -221.06901372456 222.631948004032 -0.9929797394602 0.320719828122312
ENSG00000133627 -221.06901372456 222.631948004032 -0.9929797394602 0.320719828122312
ENSG00000136197 -221.06901372456 222.631948004032 -0.9929797394602 0.320719828122312
ENSG00000164885 -221.06901372456 222.631948004032 -0.9929797394602 0.320719828122312
ENSG00000166796 -221.06901372456 222.631948004032 -0.9929797394602 0.320719828122312
ENSG00000196584 -221.06901372456 222.631948004032 -0.9929797394602 0.320719828122312
ENSG00000266338 -221.06901372456 222.631948004032 -0.9929797394602 0.320719828122312
ENSG00000283196 -221.06901372456 222.631948004032 -0.9929797394602 0.320719828122312
ENSG00000165895 0.51237295972713 0.516571681788733 0.991871946895997 0.321259995339368
ENSG00000131873 -0.55651682149532 0.563894014610161 -0.98691741191837 0.32368312759609
ENSG00000141068 -0.585007248995578 0.593369957530017 -0.985906417356804 0.324179037494246
ENSG00000128708 -0.616153421664878 0.625843523087158 -0.9845167345114 0.324861507481677
ENSG00000005884 -0.430083588949263 0.438554527915296 -0.980684411112342 0.326748393638415
ENSG00000187372 0.571707579986907 0.583615493364108 0.979596303537865 0.327285430309789
ENSG00000128342 -0.153982059638042 0.157735651509983 -0.976203275315323 0.32896374047128
ENSG00000064687 -0.27626798178517 0.284349260359244 -0.971579744698952 0.33125966333221
ENSG00000013441 0.641896465260468 0.660748819430048 0.971468198481473 0.331315181940285
ENSG00000115459 0.259115370781231 0.267028485970315 0.970366026080217 0.331864076874448
ENSG00000182134 0.599831975808703 0.619883562242745 0.967652656635231 0.333217869867123
ENSG00000273265 0.4015870415907 0.415852586864708 0.965695667828924 0.334196487910359
ENSG00000213465 0.419887511236757 0.435123039773775 0.96498570026322 0.334551974176034
ENSG00000132821 0.43535413040137 0.451679107381129 0.963857135047905 0.335117556969395
ENSG00000215252 -0.975099742226341 1.01241866840137 -0.96313884034363 0.335477852421856
ENSG00000172578 -0.673783505839728 0.701613786276674 -0.960333903094129 0.336887192219597
ENSG00000181754 0.288200137961663 0.300311320231078 0.959671242961816 0.337220700740051
ENSG00000100722 0.536190558058215 0.559194182858906 0.958862903968199 0.337627814845353
ENSG00000141698 0.340368061866892 0.357086891400553 0.953179940411458 0.340498908155026
ENSG00000085982 0.33626897789409 0.352894836471723 0.952887214945224 0.340647218550073
ENSG00000138801 -0.372940717579616 0.39207293843613 -0.951202393787168 0.341501643509869
ENSG00000172482 0.708260769427641 0.745176018654534 0.950461034302277 0.341878044038972
ENSG00000114956 -0.243367930789023 0.257569343124471 -0.944863731983099 0.344728449556552
ENSG00000043591 -0.288511222660794 0.306106712228991 -0.942518445805807 0.345927271808715
ENSG00000140092 -0.321493020353779 0.342048561205413 -0.939904612435164 0.347266491215255
ENSG00000130856 -0.214144539059064 0.228993637353235 -0.935154974322432 0.349708438784881
ENSG00000106560 -1.11458655230341 1.19375018547487 -0.933684924924247 0.35046644349403
ENSG00000117245 -0.349533150970059 0.375379299670059 -0.931146579678961 0.35177774667218
ENSG00000129315 -0.85745247817324 0.926043100299057 -0.925931501348408 0.354481579209727
ENSG00000006715 0.170665994599589 0.184434671669737 0.925346590500061 0.354785651133042
ENSG00000127989 0.410588204499736 0.443901987931426 0.924952389632381 0.354990673371342
ENSG00000243137 0.53178379302442 0.575788236559748 0.923575299491618 0.355707479037873
ENSG00000167904 0.322396939918882 0.349413346916717 0.92268066679126 0.356173643851625
ENSG00000151687 2.7083000198996 2.94213317800474 0.920522578701308 0.357299739564637
ENSG00000170921 0.630000040123997 0.685909449087705 0.918488644473304 0.358363101255903
ENSG00000251169 0.469649900015874 0.512300025969237 0.916747757580781 0.359274834103299
ENSG00000076604 -0.538640666785718 0.587996353727635 -0.916061236385185 0.359634777627802
ENSG00000186496 0.411670932343686 0.449862627442316 0.915103649939163 0.360137219037789
ENSG00000162398 0.206054658210698 0.225728905027221 0.912841260563637 0.361326034365539
ENSG00000131558 0.355806731702876 0.389958337525886 0.912422424303871 0.361546389449145
ENSG00000184575 -0.154982040077817 0.170407197023817 -0.909480601668229 0.36309649277391
ENSG00000120265 -0.654327761637611 0.719816441952793 -0.909020305041216 0.363339407770861
ENSG00000259431 0.202192569346464 0.222687914477332 0.907963819325479 0.363897337511885
ENSG00000188573 0.326349149990688 0.359792267806761 0.907048814528625 0.364380983926439
ENSG00000250312 0.204156762794965 0.225148153840472 0.906766319476993 0.364530384186486
ENSG00000072201 -0.351485926620124 0.388529229544534 -0.904657616190589 0.365646801501325
ENSG00000174238 0.511163631969145 0.566497645042823 0.902322607061332 0.366885519800775
ENSG00000104689 0.406688715018584 0.450736467231576 0.902276040624063 0.366910249790445
ENSG00000174928 -0.374677289762003 0.416415155668268 -0.899768619517981 0.368243397380917
ENSG00000077420 -0.484097489662586 0.540486074330306 -0.895670605875298 0.370428713814547
ENSG00000106003 -0.538802104215829 0.602310181127143 -0.894559184119274 0.371022778751874
ENSG00000274373 -0.712612172159186 0.796937205444566 -0.894188610207576 0.371220985214678
ENSG00000125637 0.287016838159904 0.321056584394687 0.893975866282387 0.371334803858262
ENSG00000001561 0.345413124153393 0.386922799564919 0.892718455830978 0.372007964332139
ENSG00000135617 -0.300664355035046 0.338428286086538 -0.88841378630557 0.374318212265554
ENSG00000115556 -0.264520127711446 0.297904201568569 -0.887936881449326 0.374574704385246
ENSG00000124134 -0.503962283060531 0.568915217275188 -0.885830204145798 0.375709031207995
ENSG00000189362 -0.380393432004485 0.4321752071692 -0.880183373998032 0.378759978749796
ENSG00000198720 -0.720900491504901 0.820921403314808 -0.878160185121217 0.379856795387191
ENSG00000115275 0.35231714586536 0.401247529686329 0.878054367439421 0.379914215238382
ENSG00000086548 0.314219907612988 0.359031026565113 0.875188728448242 0.381471225148703
ENSG00000119630 -0.734429136767606 0.844935895079195 -0.869212849217121 0.3847307206264
ENSG00000178038 0.318030726138626 0.365908354655952 0.869154043879803 0.384762879915435
ENSG00000152154 -0.280291183995272 0.322743774843324 -0.868463486650796 0.385140652791148
ENSG00000274276 0.302001439260285 0.349438958567051 0.86424662120877 0.387452426313636
ENSG00000100359 -0.38367716732327 0.444820902142062 -0.862543026812924 0.388388766590395
ENSG00000153291 0.320352500719546 0.371417541693875 0.862513114643312 0.388405219407564
ENSG00000170074 0.31824719977965 0.373800763173704 0.851381888783792 0.394557249138533
ENSG00000277399 -0.726915331770047 0.855707415062455 -0.849490513900703 0.395608406447072
ENSG00000042445 0.640857180653404 0.754977054194151 0.848843255689994 0.395968517241878
ENSG00000129595 0.271948457643898 0.321570497596892 0.845688456112048 0.397726564681377
ENSG00000254996 -0.312142925862602 0.370177326603032 -0.843225404232646 0.399102393055735
ENSG00000134825 0.626312941362104 0.745269716387425 0.840384263026351 0.400692969771938
ENSG00000110801 -0.363113142970122 0.43377937809052 -0.837091759798568 0.40254099185435
ENSG00000135736 -0.170824207648719 0.204176841962604 -0.836648299614736 0.402790287853522
ENSG00000131037 0.392750145255026 0.470639533435876 0.834503090694011 0.403997546448113
ENSG00000149716 -0.454947959700196 0.545174342417422 -0.834499946719535 0.403999317369575
ENSG00000116685 0.604569856581413 0.725918582112927 0.832834248190334 0.404938216497932
ENSG00000142856 -0.238470698745398 0.287528130663416 -0.829382148435955 0.406888199675222
ENSG00000182858 0.195373922752712 0.23672062660437 0.825335441001679 0.409181176084735
ENSG00000179094 -0.169141822374223 0.204943835084528 -0.825308174332062 0.409196652165683
ENSG00000105221 -0.248332416378274 0.301278125890885 -0.824263014926657 0.409790128707478
ENSG00000168298 -0.32167497677411 0.390515731823136 -0.823718356421543 0.410099606804434
ENSG00000029725 0.388886007850841 0.472354179529808 0.823293250496792 0.410341250936049
ENSG00000105821 -0.163607758498333 0.19910616581734 -0.821711160107553 0.411241306012496
ENSG00000125648 -0.322770392478052 0.393597853717303 -0.820051200558318 0.412186919742961
ENSG00000134255 0.278887791663403 0.342329153131708 0.814677304319751 0.415257047849818
ENSG00000107554 -0.13703790313354 0.168260609226073 -0.814438410533849 0.415393841753122
ENSG00000072803 0.353617487960906 0.434496271097532 0.813856208863825 0.415727329999479
ENSG00000007866 0.246709075274613 0.303388085392047 0.813179841771993 0.416114955169506
ENSG00000074800 -0.591478723181021 0.72849612301465 -0.81191746187114 0.416838993980717
ENSG00000160963 -0.277916328179621 0.342789107259885 -0.810750173484711 0.417509153696418
ENSG00000100324 -0.191116035518583 0.236691766248454 -0.80744691100902 0.419409049175982
ENSG00000256576 -0.413201575174217 0.513121006515991 -0.805271212690723 0.420663190066701
ENSG00000277149 -0.285307082198023 0.355590669008337 -0.802346931638225 0.422352301591069
ENSG00000167397 0.207010450196403 0.258194686452087 0.80176107820413 0.422691177155926
ENSG00000270127 0.238822055607411 0.300260079503972 0.795383975125645 0.426390178679026
ENSG00000231966 0.254968748594633 0.323006983743794 0.789359863490975 0.429901707405832
ENSG00000157227 0.425788426834381 0.539629400549803 0.789038600195922 0.430089446265462
ENSG00000068079 -0.324612055719309 0.413255561299691 -0.785499545846163 0.432160736491874
ENSG00000078018 0.152592635197157 0.194570183793106 0.784254977933388 0.432890511409884
ENSG00000247596 -0.28967384620386 0.370636147343163 -0.781558540040774 0.434474060577378
ENSG00000168781 -0.636788667956098 0.81490586672615 -0.781426044353282 0.434551958060507
ENSG00000101773 0.173398953347035 0.224019144247116 0.774036316984401 0.438909315126261
ENSG00000110619 -0.320985403049951 0.414703109526123 -0.774012530112779 0.438923381478215
ENSG00000259237 0.314688279100995 0.406646294794734 0.77386240359043 0.439012164680316
ENSG00000138794 -0.519621312749336 0.677122347219001 -0.767396490284902 0.442845814630923
ENSG00000241399 -0.28058182864588 0.366865195681407 -0.764809068695475 0.444385246838842
ENSG00000250508 0.226809775903708 0.296910004032317 0.763900753842638 0.444926388172856
ENSG00000231274 -0.802480679042125 1.05171606183677 -0.763020275301906 0.445451304152589
ENSG00000205403 -0.262567699035153 0.344610757491095 -0.761925428407261 0.446104512416062
ENSG00000109536 -0.386260224062478 0.508865760824245 -0.759061139104398 0.447815984286897
ENSG00000168653 -0.321458399105884 0.42363176505296 -0.758815616826319 0.447962862330102
ENSG00000160214 0.312475975511229 0.412146602524875 0.758167054142752 0.448350981621843
ENSG00000142178 0.247092431483458 0.326009249655514 0.757930738911716 0.44849244717121
ENSG00000162885 0.15239673469956 0.201326987866522 0.756961281319111 0.449073059411645
ENSG00000132773 -0.262873362163225 0.347604729015762 -0.756242191835387 0.449504000480703
ENSG00000146476 -0.221302565538892 0.293721908146504 -0.753442488969906 0.45118405848552
ENSG00000182446 0.215689748507555 0.286465485179926 0.752934505782025 0.451489271682443
ENSG00000181240 0.219318364322179 0.292149872129723 0.750704981396654 0.452830224442801
ENSG00000148297 -0.310210763269154 0.413340065467185 -0.750497687463548 0.452955016051753
ENSG00000272523 0.260508881857913 0.35125033971711 0.741661579794404 0.458292403364177
ENSG00000011028 0.456489023507833 0.616256719889008 0.740744901881233 0.458848128426817
ENSG00000119125 0.478911368221857 0.646548793647739 0.740719606821792 0.458863468608025
ENSG00000169087 -0.284235004299559 0.383784787260628 -0.740610398677775 0.458929701153354
ENSG00000011021 0.196201759898739 0.265018303571159 0.740332864767799 0.459098043999547
ENSG00000162852 0.159165481271232 0.215179886153785 0.739685683993156 0.459490736724713
ENSG00000175198 0.206187739713776 0.278844614947639 0.739435974951477 0.459642304053814
ENSG00000269892 0.287252697752704 0.389281602405677 0.737904632475679 0.460572403729902
ENSG00000254685 0.219939566609409 0.298084726790531 0.737842454987516 0.460610191026284
ENSG00000128872 -0.490224287654233 0.666463903754365 -0.735560147958009 0.46199842293696
ENSG00000135226 -0.241071312042293 0.328151419405461 -0.73463437238535 0.462562198640205
ENSG00000159593 -0.154344081586539 0.21132320679256 -0.730369768323867 0.465164192439179
ENSG00000133641 -0.18171769401325 0.249374281796007 -0.728694605973439 0.46618849307462
ENSG00000226733 -0.517205102420737 0.71134323416749 -0.727082338845945 0.467175517122227
ENSG00000213762 0.280316778104361 0.387551880392931 0.723301297932431 0.469494795571097
ENSG00000174721 -0.146071828678373 0.203023318624756 -0.71948301144833 0.47184336594899
ENSG00000136261 0.481116120767747 0.670731390990145 0.717300736525116 0.47318855287854
ENSG00000171295 -0.173331536258706 0.241731638287582 -0.717041167993485 0.473348695102063
ENSG00000059573 0.234974286482458 0.329196284177534 0.713781709503554 0.475362171425038
ENSG00000171928 -0.378292147153736 0.5338812020268 -0.708569894796084 0.478591423919866
ENSG00000103126 0.311549571240469 0.440739887533629 0.706878546854233 0.479641956874504
ENSG00000181218 -0.203467925534172 0.288572206665293 -0.705084969496623 0.480757359688635
ENSG00000162623 -0.127081011968013 0.180650256860542 -0.703464330339237 0.481766428376226
ENSG00000151657 -0.20527333052586 0.292077864552138 -0.702803448801638 0.482178247655949
ENSG00000157778 -0.303299751040712 0.433912991441167 -0.698987486024225 0.484559851416582
ENSG00000197978 0.0913427467842402 0.132156140430406 0.691172929890019 0.489456873342253
ENSG00000136147 -0.154938686987777 0.22490577555065 -0.688904882982356 0.490883126386911
ENSG00000108588 -0.34933263116061 0.507165309543117 -0.688794411974488 0.490952652669162
ENSG00000137177 0.272887289020604 0.397011053984104 0.687354385431117 0.491859434823013
ENSG00000205413 -0.659734225504562 0.961579676121042 -0.686094186355823 0.492653716752944
ENSG00000143674 0.183319037254146 0.268433734886928 0.682921009653892 0.494656757298328
ENSG00000213077 0.409366735197206 0.600181278935186 0.682071816574296 0.495193540630498
ENSG00000138119 -0.198293435240404 0.290882949134787 -0.681694942347825 0.495431866202292
ENSG00000129055 -0.319167920729884 0.468223812350716 -0.681656746861084 0.49545602346406
ENSG00000272864 0.143826207790578 0.211169598107022 0.681093344306531 0.49581242822485
ENSG00000269973 -0.389528406873274 0.572461513657219 -0.680444706902195 0.49622292138495
ENSG00000120885 0.259494150213389 0.381877284674878 0.679522350836649 0.49680695069252
ENSG00000087074 -0.392041782032641 0.57715518856683 -0.679265801986714 0.496969460700089
ENSG00000272787 0.318895144776942 0.470947797198744 0.677134804905703 0.498320427795179
ENSG00000188000 0.148963655575378 0.220390469249224 0.6759078833256 0.499099132247025
ENSG00000250237 -0.212036042432541 0.314448272120059 -0.674311361302642 0.500113382442758
ENSG00000174652 0.297852622840594 0.441728341202847 0.674289138952522 0.500127507732341
ENSG00000146833 -0.349089228291642 0.517890854556631 -0.674059457162068 0.500273513771548
ENSG00000058262 -0.416633289546344 0.620309797894546 -0.671653568846534 0.501804266768412
ENSG00000119862 0.149374873373914 0.222853540675311 0.670282701909356 0.502677592063989
ENSG00000119673 1.13003193650989 1.68684520939798 0.669908495583411 0.502916123690477
ENSG00000198825 -0.136799653855336 0.207231030506812 -0.660131127663524 0.509169684742286
ENSG00000105618 -0.259144151094759 0.394298885420635 -0.657227703847821 0.511034514616803
ENSG00000125898 0.714845160383099 1.09321996979163 0.653889592338267 0.513182939675418
ENSG00000166197 0.283878296518094 0.434513044257669 0.653325142408733 0.51354668684065
ENSG00000125534 -0.307015635816026 0.471133076237227 -0.651653749866284 0.514624565040088
ENSG00000227192 -0.212576173731334 0.326807752233805 -0.650462457754836 0.515393544370796
ENSG00000101199 0.248918767666438 0.383563043284997 0.648964419341841 0.516361374537058
ENSG00000160201 -0.119162470005021 0.183846502955967 -0.648162831977074 0.516879638768375
ENSG00000140153 -0.141069038329647 0.21824755276072 -0.646371684562762 0.518038673517554
ENSG00000126005 -0.182330786113579 0.28229189924426 -0.645894503532362 0.518347679485905
ENSG00000159167 -0.360839513072817 0.56128601163484 -0.642879932143349 0.520302011869246
ENSG00000272505 0.116068586230829 0.181371859074251 0.639948153055609 0.522206306915206
ENSG00000132854 -0.228716915452984 0.357734732353064 -0.639347803744292 0.522596696642804
ENSG00000070087 0.173599465743138 0.274861986358621 0.631587758070835 0.527656288002717
ENSG00000241945 -0.145456177952596 0.230410418098264 -0.631291671414626 0.527849831592524
ENSG00000131747 -0.217477450242866 0.345084765414116 -0.630214579255287 0.528554201820264
ENSG00000106483 -0.278758506416997 0.443465895313853 -0.628590629770328 0.529617096374079
ENSG00000170037 0.451767190193667 0.72082022967884 0.626740443168404 0.530829388695659
ENSG00000244414 -0.21437012857455 0.344488453655651 -0.622285380829726 0.533754232292465
ENSG00000069974 -0.373892542968667 0.605967945027361 -0.617017032067241 0.537223491588282
ENSG00000204147 -0.48047372235671 0.780008924421181 -0.615984903907675 0.537904483222849
ENSG00000186854 0.169703293952897 0.276056648923474 0.61474083169046 0.538725889794296
ENSG00000205571 0.189867625804033 0.308960699693419 0.614536496041207 0.538860863810041
ENSG00000167612 -5.04007078053773 8.20142547994245 -0.614535947789054 0.538861225981077
ENSG00000138744 -0.257249312778564 0.419037846446357 -0.613904722354227 0.539278289440761
ENSG00000122490 -0.261320246357052 0.426387805638687 -0.61286988722771 0.53996237570135
ENSG00000213214 -0.220255573926533 0.360245048795786 -0.611404860837907 0.540931585446662
ENSG00000258285 0.163791060349207 0.268047586666579 0.611052173183502 0.541165040910906
ENSG00000006695 0.198717668118404 0.325996549904597 0.609569850283871 0.542146788745207
ENSG00000169062 -0.210235452874631 0.345191178644079 -0.609040629892229 0.5424975083883
ENSG00000131495 -0.272913094315523 0.450819837633543 -0.605370641514149 0.544932753580416
ENSG00000155957 -0.322086124379511 0.532274774664994 -0.60511250900858 0.54510424324568
ENSG00000197170 -0.181027560378237 0.299189357412888 -0.605060159704862 0.545139024638267
ENSG00000105483 -0.464104155001877 0.769039137798464 -0.603485742390787 0.546185597543875
ENSG00000170775 -0.162442312633036 0.269910148023213 -0.60183847781472 0.547281659641548
ENSG00000198042 0.436895783277797 0.72612127195389 0.601684319345407 0.547384289750695
ENSG00000274512 0.221077598717246 0.368612796271789 0.599755626915998 0.548669109686602
ENSG00000107807 -0.112791244477648 0.188560614501456 -0.598169690822564 0.549726712949199
ENSG00000164823 0.661177163027711 1.10804519576631 0.59670595166513 0.550703718293671
ENSG00000167637 -0.148700832877419 0.250255116883383 -0.594196972790421 0.552380377261485
ENSG00000227359 0.138987222572422 0.233908624115521 0.594194519753062 0.552382017761938
ENSG00000155906 -0.423943367756568 0.716063592810639 -0.592047091924527 0.553819054460025
ENSG00000182156 -0.358431644107646 0.606791601997659 -0.590699744241069 0.554721619359467
ENSG00000180061 -0.448064438622815 0.762739762424398 -0.587440776915347 0.556907714357708
ENSG00000188636 -0.308220014608874 0.525474312310564 -0.586555817074292 0.557502063775746
ENSG00000164308 -0.120252208329655 0.205842359485056 -0.584195637042263 0.559088696559798
ENSG00000119913 -0.28221640495606 0.48350839359595 -0.583684603398835 0.55943252782697
ENSG00000178096 -0.116889556567721 0.201058022038802 -0.581372259521991 0.560989589479154
ENSG00000275895 0.114216646719978 0.197742257345513 0.577603635425325 0.563531751955392
ENSG00000186458 0.222503317347624 0.385285597557773 0.57750229636928 0.56360018780594
ENSG00000112769 -0.177754061196359 0.307909745332223 -0.577292742081186 0.563741715800091
ENSG00000136514 -0.245921972716706 0.426027352588727 -0.577244562402806 0.563774257632758
ENSG00000268182 0.223722757306405 0.389443670685978 0.574467565263888 0.565651442995477
ENSG00000159445 0.675793799795703 1.1769322853954 0.574199389532987 0.565832882384228
ENSG00000088832 0.204082145448071 0.355992320647941 0.573276819782576 0.566457277833501
ENSG00000161970 -0.10109607019332 0.176416575989281 -0.573053125118259 0.56660872421115
ENSG00000189046 0.187307163613595 0.327753325095056 0.571488217729818 0.567668744834128
ENSG00000136866 0.332118440898999 0.581443593404691 0.571196320100892 0.567866572406714
ENSG00000171453 -0.136439806748745 0.239197263270249 -0.570407056014653 0.568401644943893
ENSG00000132881 0.300634160136579 0.528918304125193 0.568394320619729 0.569767245980045
ENSG00000130544 -0.192245834928555 0.338258275978062 -0.568340373558291 0.569803869518052
ENSG00000125798 0.39591074013573 0.696818047431971 0.568169469196164 0.5699199003482
ENSG00000232388 0.172234152177223 0.303445536575804 0.567594943464252 0.570310041430926
ENSG00000154237 -0.248946432163489 0.439289832598411 -0.56670201240708 0.570916653384604
ENSG00000178502 -0.242346544703621 0.429903786384678 -0.5637227500173 0.572942832129403
ENSG00000196943 0.109549899472492 0.196530303071544 0.557419887723939 0.577240580595276
ENSG00000141556 -0.176848998499449 0.318322227337867 -0.55556597469941 0.578507597078573
ENSG00000187105 0.254447049855954 0.459031567431455 0.554312748641082 0.57936482694668
ENSG00000070718 0.248657660216428 0.449883606722585 0.552715539087779 0.580458211190779
ENSG00000186973 0.244870275703971 0.443805219037575 0.55175168114289 0.581118496193462
ENSG00000185432 0.187234298006784 0.340170892353402 0.550412460958792 0.582036503768427
ENSG00000151500 -1.25084462839235 2.27733511812989 -0.54925804218903 0.582828377123112
ENSG00000110328 -0.263375268747983 0.479977754594997 -0.548723906944849 0.583194937104204
ENSG00000158623 0.326625688184693 0.595732012474665 0.548276206994306 0.58350226207977
ENSG00000048649 0.344165737643485 0.627968660902202 0.548061964030215 0.583649356499267
ENSG00000015153 0.162006325449138 0.295842815781424 0.547609462887322 0.583960090407615
ENSG00000124207 -0.145392448339874 0.266057891836234 -0.546469218922349 0.584743440812733
ENSG00000169857 -0.212287958826167 0.388630892895353 -0.546245712080666 0.58489704781863
ENSG00000103811 -0.415103526817092 0.763891276463799 -0.543406554842055 0.586849913579115
ENSG00000170631 -0.171186485015295 0.315227947946235 -0.543056179284244 0.587091122653553
ENSG00000242265 -0.421145443947189 0.775710340733546 -0.542915856386464 0.587187738031315
ENSG00000244067 -0.236425603768727 0.435705297518932 -0.542627333463748 0.587386415486271
ENSG00000274294 -0.170741712511423 0.315298827358427 -0.541523461859649 0.588146830733927
ENSG00000227388 0.677382416468338 1.25155582838423 0.541232281537808 0.588347489620132
ENSG00000137875 -0.328606081239553 0.608638008322033 -0.53990397698871 0.589263255073872
ENSG00000167881 0.139917070092479 0.25973857671728 0.538684210334976 0.590104770542496
ENSG00000131143 -0.521845721541582 0.973890914617871 -0.535835906987941 0.592071963676659
ENSG00000249364 -0.502431639143984 0.949736489057324 -0.529022149757225 0.596790084627672
ENSG00000085117 0.114316172048741 0.21832579193536 0.523603606497336 0.600554272555322
ENSG00000074966 -0.183452590744442 0.35074744650374 -0.523033289545234 0.600951087406113
ENSG00000183323 0.298056675392758 0.571900391509543 0.521168860552851 0.602249144510732
ENSG00000170540 -0.217606410287643 0.417737328277191 -0.520916843091525 0.602424701584167
ENSG00000142227 -0.182177674559148 0.350117942731033 -0.520332300418834 0.60283198669167
ENSG00000230658 -0.277443354641795 0.533226791913908 -0.520310229810414 0.602847367004832
ENSG00000105792 -0.316232878143007 0.610265973536481 -0.518188612598606 0.604326679076524
ENSG00000214087 -0.095190296113563 0.183857032131784 -0.517740850104297 0.604639092646544
ENSG00000273061 0.508039705766038 0.986283546121083 0.515105121406606 0.606479564119975
ENSG00000183281 0.413002010769496 0.809740828335807 0.510042221309632 0.610021882549777
ENSG00000113721 -0.243698951993407 0.477878150178224 -0.509960440548537 0.610079176783748
ENSG00000137075 0.0816671246458749 0.1604412132142 0.509015875720434 0.610741096219492
ENSG00000137713 -0.269093055040584 0.528686830047785 -0.508983844020215 0.610763548546528
ENSG00000134321 -0.232490969633104 0.459856159427868 -0.505573242559931 0.613156269479874
ENSG00000092094 0.269230822937263 0.532714175522278 0.505394516061651 0.613281769806984
ENSG00000138709 0.0864340982909384 0.1713508245562 0.504427676463206 0.613960873355224
ENSG00000141560 0.211549719702492 0.419619852081043 0.504146118572185 0.614158700587547
ENSG00000099940 0.219603886149292 0.436377847986033 0.503242516004894 0.614793776326106
ENSG00000108242 -0.0791983300253479 0.158085696173629 -0.500983529454572 0.616382714579772
ENSG00000136982 -0.170287555359417 0.340800077164162 -0.499669943670202 0.617307499404513
ENSG00000170469 -0.0978602974103478 0.196223789493472 -0.498717804110105 0.617978200098561
ENSG00000174444 0.152046372942271 0.304965897973392 0.498568443070762 0.618083441063194
ENSG00000166435 0.11211866991042 0.225514841383203 0.497167588717158 0.619070875288509
ENSG00000070413 -0.438006113063532 0.885732306437651 -0.494512969528186 0.620943949131145
ENSG00000124226 -0.13101788615242 0.266043780402549 -0.49246738996934 0.622388969458608
ENSG00000188994 -0.0959473258659665 0.19507186403556 -0.491856303010854 0.622820930872526
ENSG00000136490 0.166132805797508 0.338655996612857 0.490565079192816 0.623734090192424
ENSG00000183513 0.151875880496039 0.31318497513921 0.484939867975883 0.627719000888133
ENSG00000134222 0.283707309560825 0.586293644459356 0.4838996844703 0.628457064323952
ENSG00000149179 -0.215575529233254 0.445566041160645 -0.483823966188506 0.628510804836929
ENSG00000144395 0.161397191050073 0.333899662003567 0.483370333715248 0.62883280848632
ENSG00000250565 0.460878375197751 0.954268114156889 0.482965288644213 0.629120382832626
ENSG00000170310 -0.174393331178656 0.361419954183246 -0.482522697377786 0.629434678593028
ENSG00000130005 0.82772476745345 1.72444526753033 0.479994803568848 0.631231088037666
ENSG00000186577 0.138097944759979 0.28803839352568 0.479442837705128 0.631623624632226
ENSG00000104497 -0.187436626529129 0.391791066634265 -0.478409648640865 0.632358667570339
ENSG00000133056 0.190151126282648 0.39852279322691 0.477139901441925 0.633262503031075
ENSG00000166959 -0.165181428281943 0.353311497418915 -0.467523501184256 0.640125382057704
ENSG00000138792 -0.150461832668992 0.325788668811246 -0.461838753379621 0.644196957785529
ENSG00000147996 0.0969097719950787 0.210676701595757 0.459992829112294 0.645521367633136
ENSG00000180155 -0.423970423091177 0.923148830708408 -0.459265514928757 0.646043508645843
ENSG00000197568 0.261633520632819 0.572889897333372 0.456690756549633 0.647893335678805
ENSG00000157353 0.193936017112553 0.42656388001773 0.454647067408736 0.649363167530808
ENSG00000133661 0.0822627232715941 0.181003262174817 0.454481992662337 0.649481949850329
ENSG00000119041 0.385194797357495 0.851230661070442 0.452515181811125 0.65089788671721
ENSG00000004700 -0.400599414077655 0.89003988351645 -0.450091531286138 0.652644442942009
ENSG00000183049 0.251616972586875 0.559831801279583 0.449451017272984 0.653106335605367
ENSG00000188859 0.272340068455905 0.606737801010369 0.44885956998623 0.653532962973624
ENSG00000186184 -0.111145840214853 0.247749664065165 -0.448621557709228 0.65370467981601
ENSG00000148985 -0.184145831488162 0.410698888644095 -0.448371876768675 0.653884834863953
ENSG00000271079 -0.108568498826556 0.24277705965292 -0.447194224123845 0.654734831356607
ENSG00000169629 0.322631799439738 0.72287974303443 0.446314622243289 0.655369995374148
ENSG00000167244 -0.128386096058716 0.288056800748373 -0.445697153218282 0.655816021225939
ENSG00000174788 -0.782908127671376 1.77397571549158 -0.441329675955809 0.658974345176151
ENSG00000176293 -0.112931920409233 0.25600253198234 -0.441135951018732 0.659114578095679
ENSG00000272970 0.10807551401065 0.246356898925347 0.438694895422434 0.660882626292544
ENSG00000167311 0.207948164893971 0.474817725468287 0.437953668829198 0.661419869511191
ENSG00000168803 -0.0605731226508705 0.138499974147354 -0.437351147707978 0.661856707128359
ENSG00000143155 -0.0964208228370167 0.220503590842379 -0.437275522220138 0.661911544972263
ENSG00000100311 0.0910745440301334 0.209394571183478 0.434942240934847 0.663604352719404
ENSG00000188211 0.124588434736757 0.288833249687213 0.431350735663843 0.666213364915419
ENSG00000172785 0.308985566860883 0.71868838410129 0.429929818953823 0.667246693563161
ENSG00000134061 0.205286276242829 0.478015352283153 0.429455404020638 0.667591841488681
ENSG00000010803 -0.0903848165512127 0.210637787455876 -0.429100673924172 0.66784996186071
ENSG00000185684 0.125345987523397 0.292275569620409 0.428862349618167 0.668023401294405
ENSG00000168291 0.277434187412928 0.646907662286982 0.428862113693518 0.668023572996284
ENSG00000091129 -0.388038372175959 0.905844387079404 -0.428372000434932 0.668380306442181
ENSG00000134809 -0.128869598401632 0.301814049587188 -0.426983430949937 0.669391396017861
ENSG00000088247 0.254665479080516 0.597958118714851 0.425891832738806 0.670186666455455
ENSG00000272913 -0.260963030989533 0.613065694616347 -0.425668950784863 0.670349089846591
ENSG00000273295 0.212400861631169 0.499324972175975 0.425376004539811 0.670562595451138
ENSG00000099866 -0.208170559742224 0.491751596103034 -0.423324624448413 0.672058430617909
ENSG00000132561 0.290410106795842 0.689402777608481 0.421248820324262 0.673573398244587
ENSG00000168065 -0.168325306778913 0.400114756757506 -0.420692573658133 0.673979584703618
ENSG00000162976 0.152336454022719 0.363105239580578 0.419538022086055 0.674822973003072
ENSG00000176994 0.183858173141534 0.441533438465276 0.416408265205475 0.677111281423823
ENSG00000008516 0.110806063936646 0.266620219903733 0.415595126193557 0.677706293677924
ENSG00000157895 0.381499772150863 0.924011444934714 0.412873427317578 0.67969935068752
ENSG00000100258 -0.0889154328355541 0.216201187122944 -0.411262463535836 0.680880090478869
ENSG00000077232 0.121789382393556 0.297510510539437 0.409361612713214 0.68227430630464
ENSG00000156966 -0.198763199578054 0.491375430242024 -0.40450374061266 0.68584232775962
ENSG00000196458 -0.101174627965578 0.250330143529843 -0.404164782310832 0.686091549404901
ENSG00000104537 0.179725473654674 0.446981484672502 0.402087065835304 0.687619951311011
ENSG00000101442 -0.0644579860075714 0.160568530761814 -0.401435983139112 0.688099161416528
ENSG00000257151 0.229181885991635 0.571450614281759 0.401052829875225 0.688381228571641
ENSG00000180787 -0.0814000331118069 0.203258103033828 -0.400476201916829 0.688805808301831
ENSG00000100997 -0.116980563455973 0.292319565128413 -0.400180410109 0.689023642262205
ENSG00000116750 0.260308163084329 0.654018596915309 0.398013396426459 0.690620310888914
ENSG00000243885 0.117083343718354 0.295431025019505 0.396313636019183 0.691873668978523
ENSG00000119922 -0.123611128996378 0.313479924786627 -0.394319122924745 0.693345446612735
ENSG00000188582 0.172281566427004 0.439346815888982 0.392131136943389 0.694961322176968
ENSG00000088298 0.080371324837737 0.205482590551236 0.391134473349444 0.695697840253914
ENSG00000277369 -0.125173117558584 0.320436843142076 -0.390632726034828 0.696068732018299
ENSG00000131018 0.286242558811822 0.747202240992343 0.383085787365506 0.701656157335901
ENSG00000165171 0.146034826592171 0.383380802300113 0.380913247914417 0.703267621848926
ENSG00000123999 0.244264749850293 0.642829228156567 0.379983888646084 0.7039573747713
ENSG00000257704 0.233568311353119 0.615250844781482 0.379631029090379 0.704219324316222
ENSG00000110911 -0.242338081604565 0.640926413967885 -0.378105935912805 0.705351898871948
ENSG00000160803 0.178663059126028 0.472669705539655 0.377987116652727 0.705440164659403
ENSG00000146109 0.16200449389195 0.429528151844113 0.377168511997196 0.706048379010941
ENSG00000142396 0.22823144488886 0.611694846126118 0.373113238298895 0.709064166246001
ENSG00000100412 -0.0610911137585934 0.163738716031669 -0.373101214173303 0.7090731150442
ENSG00000233927 -0.0722087945805381 0.19366551114821 -0.372853143300655 0.709257747502925
ENSG00000085563 0.0676546636617747 0.182695432659356 0.370313930003493 0.711148595796531
ENSG00000075131 -0.16238327891772 0.439552375750378 -0.369428736770013 0.711808181675272
ENSG00000099331 0.209184450814263 0.567017520186948 0.368920612444735 0.712186898900986
ENSG00000141756 0.256383595129609 0.698002432097705 0.367310461023896 0.713387451865671
ENSG00000243943 -0.0577925601998166 0.160190051047363 -0.360774965873063 0.718267678538716
ENSG00000164520 0.180334464751619 0.50320952789139 0.358368541842358 0.720067530387109
ENSG00000117586 0.132117281631859 0.369406967211355 0.357646967595685 0.720607524982587
ENSG00000131482 0.416403994435967 1.16601931162506 0.357115864449647 0.721005068398233
ENSG00000166452 -0.103527550363513 0.291965571603672 -0.354588213243327 0.722898107584563
ENSG00000118292 -0.173477389262193 0.489445606334276 -0.354436503294942 0.723011782141716
ENSG00000168297 -0.206471898801541 0.587462658948441 -0.351463868650181 0.725240374270041
ENSG00000011426 -0.189132989159258 0.539172317497408 -0.350783938680545 0.725750447569409
ENSG00000189042 0.224167201359019 0.640741087079682 0.349856136713052 0.726446666986016
ENSG00000173915 0.276963334368173 0.801050300214615 0.345750241019784 0.729530423235932
ENSG00000228549 0.165638723366113 0.483011547222782 0.342929116950728 0.731651786347833
ENSG00000116266 0.128326973930733 0.374909820359066 0.342287576804013 0.732134483844818
ENSG00000214595 0.0901565841909447 0.263551143098911 0.342083829084774 0.732287806671422
ENSG00000116117 -0.0742034602543488 0.217180207988769 -0.341667691275929 0.732600989018662
ENSG00000120306 -0.113782594498676 0.334043976276356 -0.340621602481893 0.73338846455258
ENSG00000238005 0.0730048246801193 0.214584330860631 0.34021507715554 0.733694564767699
ENSG00000136052 0.141460938062878 0.416366848933566 0.339750723250901 0.734044259800643
ENSG00000270020 0.0886184191830028 0.26315304616258 0.336756197487651 0.736300695605642
ENSG00000221947 0.129251099819229 0.383943023227747 0.336641355617394 0.736387276723629
ENSG00000172954 -0.149672885308268 0.447469779770273 -0.334487136505863 0.73801199606977
ENSG00000160691 0.166483407126291 0.497830661108365 0.33441774509355 0.738064350813431
ENSG00000114316 -0.16885995559098 0.508844910124932 -0.331849552252613 0.740002865134735
ENSG00000102524 0.245636932977598 0.740735608604255 0.331612157056205 0.740182138570268
ENSG00000009954 -0.175726215812486 0.549300510755154 -0.319909070484762 0.749037261680127
ENSG00000165934 0.295641647085355 0.928481684920791 0.318414086014606 0.750170854784165
ENSG00000233954 -0.0813564294889731 0.260465256503395 -0.312350409344951 0.754774233852639
ENSG00000186652 -0.0884711568914262 0.284376289427141 -0.311105954260976 0.755720074767656
ENSG00000103510 -0.0725876222912109 0.234806516030224 -0.309138023588185 0.757216536158395
ENSG00000188086 0.105605373531779 0.341764488203527 0.309000429175335 0.757321200352492
ENSG00000183066 -0.0686073586680341 0.222965817685314 -0.307703482893795 0.75830796926964
ENSG00000130340 -0.0612578372244434 0.20113545826585 -0.304560109652452 0.760701205305129
ENSG00000171700 -0.14865896024617 0.49277299622346 -0.3016783821059 0.762897249506094
ENSG00000014164 0.124079668693206 0.411439473256521 0.301574537102924 0.76297642119866
ENSG00000104341 0.230784348597926 0.765909082952473 0.301320814356039 0.763169870489922
ENSG00000181315 -0.358161846483807 1.19074875263776 -0.300787085176788 0.763576857167458
ENSG00000080709 0.12553701385959 0.418271512784791 0.300132832436478 0.764075836295638
ENSG00000197020 0.0977675266593601 0.329484461187814 0.296728793542801 0.766673572484068
ENSG00000263280 -0.068752045471718 0.232287310225542 -0.295978482014203 0.767246514420155
ENSG00000100280 -0.197497380416484 0.670452223067405 -0.294573384383616 0.768319796611819
ENSG00000277969 -0.129049962404241 0.440172225017368 -0.293180612200484 0.769384102529079
ENSG00000179674 -0.0889636424596436 0.305621964993986 -0.291090473361082 0.770982125764081
ENSG00000258701 0.132246487902594 0.458697685835584 0.288308600601916 0.773110524215965
ENSG00000047315 0.0718226593858686 0.250271410156976 0.286979081393355 0.774128337482616
ENSG00000183615 0.0998329881407044 0.348965683350826 0.286082537348921 0.774814906040068
ENSG00000213079 -0.180476392615394 0.640955700152537 -0.281573894377479 0.778270259844313
ENSG00000253293 0.0857876805886901 0.304684214164976 0.281562603510004 0.778278918526329
ENSG00000173227 -0.0395253682872383 0.140783139144389 -0.280753565572228 0.778899420942534
ENSG00000136160 0.116065199152034 0.417416601575191 0.278056020565647 0.780969355415483
ENSG00000184076 -0.121696472531214 0.440540873050305 -0.276243318102557 0.782361188099794
ENSG00000138459 0.104697074911553 0.381381360484835 0.274520691778055 0.783684504444063
ENSG00000164933 -0.106412239265695 0.388069222410519 -0.274209427392122 0.783923683681246
ENSG00000126522 -0.0672311319132997 0.246616879001523 -0.272613667748526 0.785150204428567
ENSG00000100316 0.247628570674734 0.908809905711184 0.272475650978907 0.785256310954138
ENSG00000233493 -0.280337968288027 1.0313594618036 -0.271814026700045 0.785765019404841
ENSG00000243566 -0.134954859009169 0.496748486206514 -0.271676437385386 0.785870820320969
ENSG00000143889 -0.058237426667872 0.214445638395505 -0.271571980216562 0.785951146526351
ENSG00000273356 0.204718846660133 0.75500914727314 0.271147505165353 0.786277585760088
ENSG00000137434 -0.144320071476189 0.541330948455853 -0.266602291791856 0.789775390892197
ENSG00000274213 -0.0653839048596306 0.245760444234558 -0.266047309050382 0.790202774163962
ENSG00000140718 0.0864447877451898 0.326156943874649 0.265040464011746 0.790978290328919
ENSG00000204536 -0.372494509742191 1.4135401350517 -0.263518877536907 0.792150675415584
ENSG00000091073 -0.198308064254288 0.756541474563688 -0.262124511241973 0.793225450046152
ENSG00000122188 0.0942198555600826 0.360236834916842 0.261549754016223 0.793668586182373
ENSG00000261934 0.0457938172038992 0.177356725634526 0.258201751526836 0.796251206226403
ENSG00000260360 -0.0935806783799289 0.363629732637157 -0.257351558414249 0.796907394488237
ENSG00000164610 0.122002913969318 0.474862399631516 0.256922666574548 0.797238472375986
ENSG00000196290 -0.276895304970759 1.10265651513044 -0.251116554585453 0.801723997198807
ENSG00000280670 0.0927748760366301 0.371376878149182 0.249813279973134 0.802731749365916
ENSG00000256537 -0.0927736818847158 0.372071332863552 -0.249343805045949 0.803094849558315
ENSG00000278828 0.0908721617822033 0.366489393026805 0.247953047240188 0.804170735371377
ENSG00000067141 0.617417198961712 2.49118872446954 0.247840395589933 0.804257898601649
ENSG00000116690 -0.120094170770367 0.48511555524792 -0.2475578642474 0.804476515463017
ENSG00000111860 -0.0623469854589111 0.252669158770905 -0.246753445344079 0.805099041728326
ENSG00000100804 -0.436532073106005 1.78289408543895 -0.244844647066362 0.806576722465605
ENSG00000228527 -0.0709399151595646 0.292533441848111 -0.242501898967155 0.80839128560088
ENSG00000273036 -0.155733669442974 0.646094185788966 -0.241038648649659 0.809525162150804
ENSG00000143621 0.101642979860687 0.42295453205986 0.240316563971234 0.81008485502086
ENSG00000158882 0.0819037318156233 0.342121660678008 0.239399433678968 0.810795869100389
ENSG00000124155 -0.0943578246548431 0.396029913759313 -0.238259336925213 0.811679957686496
ENSG00000167280 -0.0591901180969885 0.249859836883765 -0.236893287193347 0.812739577830705
ENSG00000224934 0.121712879943938 0.526987101874585 0.230959884048364 0.817345967377428
ENSG00000008018 0.0518862875260124 0.226681537660552 0.228895074832739 0.818950468672664
ENSG00000126460 0.0517852666076728 0.226316226275237 0.228818178263071 0.819010237380113
ENSG00000105072 -0.147920119621146 0.649915844780917 -0.227598881930643 0.819958089232947
ENSG00000161203 0.144812071491075 0.638668825956601 0.226740472692047 0.82062555395694
ENSG00000103253 0.0998808598590501 0.443195494663069 0.225365241889434 0.821695149092525
ENSG00000276564 0.0690693083170611 0.307140494004566 0.224878547978224 0.822073758130507
ENSG00000136169 -0.121081591569593 0.543414533161177 -0.222816255695687 0.82367851581859
ENSG00000271978 -0.0648576928866476 0.291478621817724 -0.222512692293455 0.823914793895166
ENSG00000115758 0.137673809382928 0.625366233653193 0.220149093401926 0.825755041546044
ENSG00000272727 -0.0731918923995804 0.339093762943977 -0.215845587262166 0.829108112283255
ENSG00000095596 -0.185043522838551 0.860033158363026 -0.21515859131613 0.829643674166378
ENSG00000169813 -0.157640193203876 0.737836283766095 -0.213651993907432 0.830818450151921
ENSG00000165389 0.137739391625106 0.646132016576256 0.213175307973383 0.831190226998676
ENSG00000007341 -0.0883480815465407 0.417217358466648 -0.21175552683435 0.832297766093802
ENSG00000010030 0.194403818237883 0.918289749851242 0.211702045317805 0.832339492335027
ENSG00000154734 0.049990109911419 0.237923873782792 0.210109683894339 0.833582067523461
ENSG00000105784 0.168672847002243 0.823408537120009 0.204847095212543 0.837691590478866
ENSG00000143761 -0.0896257913519687 0.440242307694636 -0.203582867401594 0.838679482590359
ENSG00000184752 0.053625525493237 0.266144160515173 0.201490520736711 0.840315040799611
ENSG00000183762 -0.0701164039648981 0.349732170529997 -0.200486000068685 0.841100506056445
ENSG00000125124 -0.0724333418525242 0.363433798211969 -0.199302712650512 0.842025957352349
ENSG00000099974 0.0922340693946166 0.47078602447635 0.195915053972147 0.844676654234705
ENSG00000196912 -0.0834179605399135 0.42891839778068 -0.194484454319369 0.845796566992336
ENSG00000092020 -0.0629387958202452 0.323805061770988 -0.194372489040208 0.845884229670593
ENSG00000171681 0.0430631164917651 0.226495014519441 0.190128319526736 0.849208579042859
ENSG00000196549 -0.174257137788194 0.923736171778698 -0.188643839130662 0.850371970983089
ENSG00000162174 0.050132537871217 0.272230814177122 0.184154530862914 0.853892228474675
ENSG00000121417 -0.041915684344019 0.227855065144137 -0.183957658863119 0.854046671319749
ENSG00000131389 0.033557796471613 0.182999738223064 0.183376199318429 0.85450284940096
ENSG00000070669 0.0889662215979396 0.485480071807887 0.18325411641849 0.854598634463063
ENSG00000120253 -0.0733227359627195 0.400451417046345 -0.183100203524149 0.854719396084497
ENSG00000141446 -0.0733240608300464 0.402322677455932 -0.18225187129323 0.855385067175938
ENSG00000138448 0.0486740484442994 0.267161116324316 0.182189867724659 0.855433724306454
ENSG00000136305 0.0393912060752922 0.21621690939612 0.182183744024967 0.855438529892832
ENSG00000099977 0.12572679743299 0.692255269042711 0.181619126723083 0.855881637536399
ENSG00000275464 -0.0391115609342508 0.217325171999012 -0.179967928125826 0.857177746711543
ENSG00000100105 -0.099206269968566 0.553138923480775 -0.179351453599186 0.857661747643479
ENSG00000100263 -0.0482607724150263 0.269313467335795 -0.179199253911993 0.857781249536256
ENSG00000111269 0.0422406262949733 0.24068325129695 0.17550297358605 0.860684434459881
ENSG00000143126 -0.0932336052102607 0.542579332534852 -0.171834051943495 0.863567994096135
ENSG00000187630 -0.140138328337165 0.816104007032677 -0.171716260586322 0.863660601601934
ENSG00000154114 0.0605587637606036 0.355439475617631 0.170377146925995 0.864713543479867
ENSG00000166321 0.0207908159780139 0.125144993477085 0.166133821260863 0.868051638467117
ENSG00000160221 0.056420779540532 0.342372068429275 0.164793757269329 0.869106317840761
ENSG00000205758 0.0526189087752886 0.324403842065077 0.162201866785329 0.871146889785666
ENSG00000141279 -1.68863009157657 10.5526848874394 -0.160019000812439 0.872866106602159
ENSG00000119686 -0.0439059457296371 0.275200136202707 -0.159541874998554 0.873241969318581
ENSG00000272221 -0.127238415844601 0.801738906318708 -0.158703057618637 0.873902829081208
ENSG00000166685 0.0332963832955393 0.214121870069614 0.15550201987641 0.876425561680413
ENSG00000182584 0.0757193356139289 0.490046667749344 0.154514540343041 0.87720404735913
ENSG00000163041 0.0463327117970067 0.305032876216406 0.15189415767806 0.879270416324799
ENSG00000198535 -0.501282988769595 3.35921751174981 -0.149226117992127 0.881375211550931
ENSG00000089737 -0.137300426604707 0.934231061398483 -0.146966240235234 0.883158667313953
ENSG00000144567 0.0246242326903821 0.168484584483548 0.146151250370248 0.883801988791853
ENSG00000008323 -0.0481992748899566 0.337642850191161 -0.142752245050259 0.886485853626528
ENSG00000113597 0.0457466256374575 0.324585845624465 0.140938448962389 0.887918567410665
ENSG00000146410 0.0299557012148683 0.213654963395013 0.140205969189141 0.888497255762175
ENSG00000103591 -0.0238771232412013 0.172583292699927 -0.138351301957814 0.889962782209303
ENSG00000259834 0.0265691732309345 0.194189533485139 0.136820830423221 0.891172418186758
ENSG00000185519 -0.0325661823849063 0.238604499529607 -0.136486036303206 0.891437062666171
ENSG00000101152 0.0907443098204532 0.670406291908256 0.135357187000971 0.892329472363656
ENSG00000172006 0.037998043787931 0.282200977114758 0.134648873921081 0.892889497638802
ENSG00000047056 -0.0448755893933496 0.343321447012417 -0.13071012540538 0.896004622155685
ENSG00000120616 0.0260425331992361 0.205290879609277 0.126856747113179 0.899053780787783
ENSG00000111696 0.0435001877345731 0.345551318821523 0.125886331103951 0.899821902792504
ENSG00000137955 -0.0334774221268163 0.266487450260972 -0.125624760543252 0.90002896214798
ENSG00000169217 0.0251023047948858 0.200092781716438 0.125453325100251 0.9001646742019
ENSG00000184979 0.0618776198584809 0.497027744204414 0.124495303491614 0.900923118723454
ENSG00000070269 0.0333131681380587 0.269318789053986 0.123694185077377 0.901557415938093
ENSG00000164346 0.0687534534155934 0.557173332407036 0.123396884625782 0.901792823929659
ENSG00000240006 -0.041264446179465 0.335447159880823 -0.1230132525019 0.902096603694024
ENSG00000120539 0.0768510661057845 0.648215537632783 0.11855788953538 0.905625629251565
ENSG00000173706 0.0467960067265758 0.394886650791147 0.118504909276677 0.905667605467381
ENSG00000101298 -0.0756450715186378 0.642912661651184 -0.117659949835736 0.9063371016848
ENSG00000170323 -0.0680350887699289 0.581620834141119 -0.116974985723124 0.906879875876649
ENSG00000204209 -0.0768383961164994 0.658158133210328 -0.116747620730145 0.907060052387803
ENSG00000107581 -0.0303908673665697 0.262681190088266 -0.115694874674345 0.907894368392458
ENSG00000133433 0.0813678108508918 0.735751867440163 0.110591375233593 0.9119403870979
ENSG00000130382 -0.0505575610286898 0.457848697722927 -0.110424166935788 0.912072987881854
ENSG00000072415 0.127932922339884 1.17284094525152 0.109079515733011 0.913139422007559
ENSG00000143353 -0.0157650579186506 0.150088039260259 -0.105038735906952 0.916345071905906
ENSG00000163702 0.0201208132041894 0.191602480133543 0.105013323367034 0.91636523665859
ENSG00000134453 -0.0447998534849328 0.456059144376759 -0.0982325517146583 0.921747634924341
ENSG00000160932 0.0782888789565366 0.856353826446701 0.0914211819212432 0.927157931485802
ENSG00000134184 0.178411219088738 1.99539014336279 0.0894116970970222 0.928754727766059
ENSG00000140553 0.0353968602729716 0.400336133556968 0.0884178501662394 0.929544574476852
ENSG00000038382 -0.0362924326640308 0.411860751195015 -0.0881182112127173 0.92978272222763
ENSG00000131697 0.0383280770188179 0.456003389062334 0.084052175791129 0.933014948215336
ENSG00000005844 0.05935684475954 0.716633152443627 0.0828273776577887 0.933988799695325
ENSG00000099326 -0.0459700984409357 0.564955050470443 -0.0813694795765715 0.935148120373603
ENSG00000131042 0.0477680925512999 0.603525146216441 0.0791484710301847 0.936914530101864
ENSG00000134339 0.031224945507663 0.401140900983738 0.0778403434580927 0.937955054350082
ENSG00000204632 -0.192096012895708 2.51654407884835 -0.0763332597709224 0.9391539655556
ENSG00000106526 -0.091963566616359 1.25546215923312 -0.0732507674086596 0.941606568309745
ENSG00000120907 -0.0264948057944749 0.367433251739001 -0.0721078064358068 0.942516113762785
ENSG00000093072 0.019037568506598 0.26500718004875 0.0718379347423566 0.9427308832357
ENSG00000088888 0.0401184124716609 0.573161826845293 0.0699949134653197 0.944197708176093
ENSG00000013573 0.0268734933896276 0.384904809091986 0.069818544104512 0.944338087133961
ENSG00000259959 -0.0318895127753982 0.47395370696714 -0.0672840243817507 0.946355594762393
ENSG00000115468 -0.0305594526670627 0.467469418424287 -0.0653720895156528 0.947877745872387
ENSG00000164695 0.015821284056904 0.26102019633673 0.0606132562880067 0.951667215945916
ENSG00000204525 0.0505569914033166 0.924589038169433 0.0546805005426117 0.956393004430074
ENSG00000198794 0.0154038197063615 0.285685511611678 0.0539187990999676 0.956999858935995
ENSG00000134243 0.0161066112647448 0.313688938388381 0.0513458056490443 0.959049968588273
ENSG00000169727 -0.0108459006432187 0.212535045562172 -0.0510311163720336 0.959300725563465
ENSG00000169490 -0.0153630179769686 0.327873688111272 -0.0468565137552447 0.962627586995369
ENSG00000090447 -0.0127972692232147 0.276102436468103 -0.0463497149352142 0.963031515071088
ENSG00000236209 0.0324900083108588 0.704277726659111 0.0461323808506369 0.963204737287475
ENSG00000261770 0.0171616342281776 0.379194734365471 0.0452581026919985 0.963901582404511
ENSG00000137871 -0.0240027570070937 0.546143340713461 -0.0439495553964594 0.964944613941696
ENSG00000167711 0.0707892950928271 1.620738229623 0.0436771921578558 0.965161719884448
ENSG00000164934 0.0399589798830163 0.917856667062611 0.0435350979264506 0.965274986938143
ENSG00000008324 -0.0290638921398653 0.740002767781805 -0.0392753830191551 0.968670832973976
ENSG00000117222 0.0199686772623053 0.511437455528704 0.0390442214320467 0.968855131870515
ENSG00000104951 -0.0121183024088525 0.34566745759652 -0.0350576895294483 0.972033739520572
ENSG00000184220 -0.018763656407017 0.558199961055772 -0.0336145784953615 0.973184496880159
ENSG00000125166 -0.0278394144204147 0.841782493846547 -0.0330719807360233 0.973617186656206
ENSG00000025293 0.0186294557703553 0.587242547791209 0.0317236137613429 0.974692463303614
ENSG00000156232 0.0113651946984043 0.362231510024585 0.0313754998775035 0.974970079794949
ENSG00000196116 0.00835837616458128 0.277390856576252 0.0301321257223331 0.975961679735796
ENSG00000151304 -0.0139723183353148 0.467028588647369 -0.0299174797324124 0.976132865278548
ENSG00000169976 -0.0178148765674044 0.596975563443955 -0.0298418857626773 0.976193153621289
ENSG00000235194 -0.00712252480233163 0.23932459450381 -0.0297609396021279 0.976257710639339
ENSG00000185019 -0.00714946873115903 0.24117869609612 -0.0296438650962341 0.976351081383554
ENSG00000168610 0.0125192690910614 0.455615197854686 0.027477724953008 0.978078706050887
ENSG00000157456 -0.0177306475741001 0.67755232308516 -0.0261686765287226 0.979122799831441
ENSG00000118308 0.0077240587017972 0.374759759185975 0.0206106939511724 0.983556209739451
ENSG00000275632 -0.0431167732415105 2.10229957416803 -0.0205093383318473 0.983637062732564
ENSG00000149084 -0.00481780132051007 0.236721048355833 -0.0203522304162326 0.983762390552976
ENSG00000143178 0.0121360151714962 0.628716032510444 0.0193028562084499 0.984599505429193
ENSG00000151532 -0.00524282533685153 0.274833097232243 -0.0190763972376339 0.984780160279883
ENSG00000182534 0.0108049249495355 0.5718441205176 0.0188948781002688 0.984924965496685
ENSG00000179041 0.00750854609931175 0.455382115259219 0.0164884518906449 0.986844714893416
ENSG00000165156 0.00269670855436617 0.169404999525656 0.0159187070152422 0.98729924585312
ENSG00000177125 0.00511094292842296 0.324950192628126 0.0157283886711584 0.987451078911748
ENSG00000123179 -0.00548406690208143 0.403307218557319 -0.0135977405058571 0.989150907119855
ENSG00000164978 0.00271380063347115 0.206404455300053 0.0131479750741139 0.989509735924092
ENSG00000281332 0.0074902446950834 0.614993869743433 0.0121793810696166 0.990282500129665
ENSG00000115750 -0.00293260486575208 0.295771403552145 -0.00991510616148887 0.992089019495771
ENSG00000134531 0.00725540574852624 0.73723906676332 0.00984132023873809 0.992147889272026
ENSG00000103005 -0.0117739167256314 1.2517872241433 -0.00940568532618575 0.992495459545222
ENSG00000183833 -0.00350304291326106 0.373462681182399 -0.00937990083017205 0.992516031688994
ENSG00000151892 -0.00109769171747516 0.163036796182235 -0.00673278513304573 0.994628055276567
ENSG00000234155 0.00154603169676773 0.243664451650818 0.0063449210021955 0.994937519460433
ENSG00000166762 -0.000603669211395165 0.269173688275456 -0.00224267540881413 0.998210605416403
ENSG00000144711 -0.000398166632924298 0.237161945957156 -0.00167888078046141 0.998660447575127
ENSG00000010626 0.000215226181366912 0.449819351290372 0.000478472481785197 0.999618234208581
